0.2881 1.2864 1.1693 0.4571 0.7936 0.7293 1.0122 1.2042
0.2314 0.1397 1.2701 0.7059 1.1672 0.1029 0.7235 1.1102
0.4203 1.4234 1.3620 0.1428 0.1356 0.8580 1.4148 0.6337
0.4032 0.6910 0.1407 0.4104 0.7130 0.7941 0.4263 0.4232
0.4063 0.7434 0.5057 0.1301 1.2726 0.8790 0.9992 0.3603
1.4896 1.3039 0.2692 0.5658 1.1101 1.0957 1.4110 0.6909
1.2620 1.0384 0.5247 0.9226 1.3355 1.2847 0.8074 0.9246
0.1483 0.4398 1.2164 0.6800 0.3422 0.8683 1.0843 1.0443
0.6246 0.7145 0.8118 1.1898 0.8293 0.6506 0.7856 0.1414
0.1609 1.0847 1.4765 0.9305 0.6510 0.3385 0.8031 1.4749
1.1787 0.8555 1.3044 0.4250 0.8193 1.4335 0.9089 0.7428
0.4770 0.8672 1.4400 0.1080 1.1971 1.2487 1.3407 1.1367
1.2328 0.8261 0.8859 0.6965 0.1786 1.3180 0.8980 0.3798
0.8066 0.7789 0.5995 0.5845 0.8539 0.9729 0.9574 0.7414
0.1392 0.4214 0.3481 0.9182 1.3054 1.2178 1.2159 1.2430
0.4574 1.2784 1.0424 0.2165 0.1234 0.1204 1.1578 0.4494
0.2533 0.9747 0.5822 0.1973 0.3235 0.8383 0.3354 0.4821
1.0962 0.7366 0.5508 0.7633 0.1331 0.6412 0.6893 0.3633
0.2523 1.3597 0.8142 0.3927 0.9479 1.2439 0.1291 0.1250
0.3050 1.1064 0.3243 1.0864 1.0494 0.8626 0.4088 1.4658
1.2169 0.8232 0.4125 1.0079 0.6529 0.9062 0.5497 0.9833
0.1823 0.5180 1.4551 1.3257 0.5289 1.3019 0.5345 1.4150
1.1414 0.6826 0.4533 0.1119 1.3302 0.1531 1.2472 1.4471
0.8984 0.3401 1.3149 1.4633 1.0856 0.8124 0.6292 0.5857
0.3881 1.0438 0.7061 0.3718 0.2462 1.0323 0.5145 0.7997
0.5555 1.3203 1.3595 0.1253 0.3812 0.5588 1.4819 1.1958
0.5747 0.3982 1.0442 1.2728 1.4051 0.5814 1.3354 1.0620
0.7783 1.4797 0.4285 1.1157 0.2186 0.3376 1.3754 0.3982
1.1628 0.9403 1.2776 0.6154 0.5764 0.5077 1.3144 0.9456
1.4360 1.3422 0.2895 0.8716 0.2460 0.1548 0.2025 1.3126
1.2034 1.2599 0.5773 0.9613 1.1947 0.6293 0.8991 0.4132
0.2144 0.4734 1.3471 0.8902 1.3951 0.7409 0.4881 1.2018
1.2589 0.1173 1.0386 0.2284 0.2611 1.3391 0.1560 0.4355
1.4834 0.6894 0.2618 0.3343 0.4380 1.1416 0.2440 1.3751
0.6296 1.4584 1.3729 0.5116 0.4548 0.7678 0.2402 1.0129
0.1555 0.1147 1.4756 0.5138 0.9352 0.7298 0.5386 0.1882
1.3787 1.4577 1.4577 0.2559 0.4013 0.9649 1.4719 0.8601
1.0635 1.0266 0.4627 0.8582 0.5302 0.4449 0.2139 0.4931
1.4767 0.7271 1.0128 1.0009 1.4170 0.6467 0.5295 0.5581
0.5434 1.2860 1.3509 0.5239 0.5681 0.8619 0.9106 0.9343
0.4431 0.1285 0.4413 0.2013 0.8717 0.1993 0.2052 0.9895
0.5072 1.2091 0.7906 1.3077 0.3159 0.8020 1.2130 0.2079
1.4289 0.3425 1.1867 1.4789 1.2502 0.5477 0.2496 0.8201
1.3871 0.5109 1.3513 0.2984 1.3747 0.1445 0.5425 1.3643
1.2254 1.3700 1.2770 1.1447 1.0654 0.3494 0.7057 0.3211
1.1008 1.0349 0.4536 0.1902 1.4487 1.2316 0.8690 0.8579
1.2918 0.7346 0.6540 0.5741 0.4612 0.1342 1.0050 0.6834
0.8988 0.1873 0.5969 0.2936 0.2752 0.4628 1.2605 0.6569
0.6615 0.9574 0.4269 0.1105 0.8402 0.8013 1.0084 0.7136
1.0611 1.1240 0.4337 0.7931 0.7704 0.4151 0.6771 0.8846
